Chr	Start	End 	Value
1 0 1000000 1714
1 1000000 2000000 1764
1 2000000 3000000 1654
1 3000000 4000000 2755
1 4000000 5000000 1926
1 5000000 6000000 2245
1 6000000 7000000 2062
1 7000000 8000000 1494
1 8000000 9000000 2968
1 9000000 10000000 4296
1 10000000 11000000 2552
1 11000000 12000000 2023
1 12000000 13000000 2516
1 13000000 14000000 2854
1 14000000 15000000 1817
1 15000000 16000000 1632
1 16000000 17000000 2649
1 17000000 18000000 2597
1 18000000 19000000 2048
1 19000000 20000000 1720
1 20000000 21000000 2651
1 21000000 22000000 3085
1 22000000 23000000 2408
1 23000000 24000000 2819
1 24000000 25000000 3438
1 25000000 26000000 3057
1 26000000 27000000 1749
1 27000000 28000000 3401
1 28000000 29000000 2680
1 29000000 30000000 2032
1 30000000 31000000 2855
1 31000000 32000000 2824
1 32000000 33000000 3962
1 33000000 34000000 1852
1 34000000 35000000 2543
1 35000000 36000000 2438
1 36000000 37000000 3939
1 37000000 38000000 3880
1 38000000 39000000 2343
1 39000000 40000000 2851
1 40000000 41000000 2688
1 41000000 42000000 2111
1 42000000 43000000 1897
1 43000000 44000000 2381
1 44000000 45000000 4201
1 45000000 46000000 3549
1 46000000 47000000 3665
1 47000000 48000000 4185
1 48000000 49000000 4577
1 49000000 50000000 3226
1 50000000 51000000 3693
1 51000000 52000000 2806
1 52000000 53000000 3645
1 53000000 54000000 3520
1 54000000 55000000 4009
1 55000000 56000000 3359
1 56000000 57000000 3770
1 57000000 58000000 4243
1 58000000 59000000 3309
1 59000000 60000000 3151
1 60000000 61000000 3790
1 61000000 62000000 4132
1 62000000 63000000 3918
1 63000000 64000000 4191
1 64000000 65000000 3525
1 65000000 66000000 2691
1 66000000 67000000 3543
1 67000000 68000000 3877
1 68000000 69000000 4178
1 69000000 70000000 3512
1 70000000 71000000 4302
1 71000000 72000000 3171
1 72000000 73000000 3588
1 73000000 74000000 4165
1 74000000 75000000 2662
1 75000000 76000000 2820
1 76000000 77000000 6024
1 77000000 78000000 4095
1 78000000 79000000 2992
1 79000000 80000000 3552
1 80000000 81000000 3118
1 81000000 82000000 3213
1 82000000 83000000 3829
1 83000000 84000000 3196
1 84000000 85000000 2600
1 85000000 86000000 3003
1 86000000 87000000 4324
1 87000000 88000000 5134
1 88000000 89000000 3977
1 89000000 90000000 5213
1 90000000 91000000 4026
1 91000000 92000000 4049
1 92000000 93000000 3341
1 93000000 94000000 4383
1 94000000 95000000 4685
1 95000000 96000000 4056
1 96000000 97000000 2721
1 97000000 98000000 3493
1 98000000 99000000 2271
1 99000000 100000000 2503
1 100000000 101000000 2884
1 101000000 102000000 2469
1 102000000 103000000 2331
1 103000000 104000000 2768
1 104000000 105000000 3788
1 105000000 106000000 3752
1 106000000 107000000 3932
1 107000000 108000000 4109
1 108000000 109000000 3513
1 109000000 110000000 7743
1 110000000 111000000 3388
1 111000000 112000000 2082
1 112000000 113000000 1692
1 113000000 114000000 3181
1 114000000 115000000 4398
1 115000000 116000000 2296
1 116000000 117000000 1313
1 117000000 118000000 1441
1 118000000 119000000 3365
1 119000000 120000000 4490
1 120000000 121000000 3652
1 121000000 122000000 1811
1 122000000 123000000 2509
1 123000000 124000000 2163
1 124000000 125000000 2053
1 125000000 126000000 2410
1 126000000 127000000 4608
1 127000000 128000000 5625
1 128000000 129000000 5345
1 129000000 130000000 4991
1 130000000 131000000 4854
1 131000000 132000000 4942
1 132000000 133000000 4086
1 133000000 134000000 3417
1 134000000 135000000 5746
1 135000000 136000000 4456
1 136000000 137000000 3446
1 137000000 138000000 3391
1 138000000 139000000 3778
1 139000000 140000000 3620
1 140000000 141000000 3604
1 141000000 142000000 3145
1 142000000 143000000 3705
1 143000000 144000000 2891
1 144000000 145000000 3220
1 145000000 146000000 3396
1 146000000 147000000 4511
1 147000000 148000000 3156
1 148000000 149000000 3046
1 149000000 150000000 3472
1 150000000 151000000 2866
1 151000000 152000000 3970
1 152000000 153000000 3430
1 153000000 154000000 2606
1 154000000 155000000 4325
1 155000000 156000000 3622
1 156000000 157000000 3315
1 157000000 158000000 3602
1 158000000 159000000 3650
1 159000000 160000000 4063
1 160000000 161000000 3928
1 161000000 162000000 3477
1 162000000 163000000 4016
1 163000000 164000000 4106
1 164000000 165000000 4489
1 165000000 166000000 3311
1 166000000 167000000 3652
1 167000000 168000000 3330
1 168000000 169000000 4036
1 169000000 170000000 3148
1 170000000 171000000 3831
1 171000000 172000000 4174
1 172000000 173000000 2873
1 173000000 174000000 2434
1 174000000 175000000 2881
1 175000000 176000000 3156
1 176000000 177000000 3663
1 177000000 178000000 2763
1 178000000 179000000 3254
1 179000000 180000000 2893
1 180000000 181000000 3027
1 181000000 182000000 3346
1 182000000 183000000 4041
1 183000000 184000000 3858
1 184000000 185000000 4643
1 185000000 186000000 3963
1 186000000 187000000 3225
1 187000000 188000000 4401
1 188000000 189000000 2911
1 189000000 190000000 3928
1 190000000 191000000 3353
1 191000000 192000000 4042
1 192000000 193000000 3913
1 193000000 194000000 4705
1 194000000 195000000 5064
1 195000000 196000000 3592
1 196000000 197000000 3718
1 197000000 198000000 3954
1 198000000 199000000 4284
1 199000000 200000000 3475
1 200000000 201000000 4719
1 201000000 202000000 3555
1 202000000 203000000 5445
1 203000000 204000000 2928
1 204000000 205000000 4112
1 205000000 206000000 4609
1 206000000 207000000 6616
1 207000000 208000000 5548
1 208000000 209000000 2967
1 209000000 210000000 1229
1 210000000 211000000 1317
1 211000000 212000000 1506
1 212000000 213000000 1636
1 213000000 213194295 640
2 0 1000000 15693
2 1000000 2000000 8437
2 2000000 3000000 1325
2 3000000 4000000 1980
2 4000000 5000000 4035
2 5000000 6000000 5436
2 6000000 7000000 2316
2 7000000 8000000 1972
2 8000000 9000000 3563
2 9000000 10000000 3127
2 10000000 11000000 3889
2 11000000 12000000 2820
2 12000000 13000000 2114
2 13000000 14000000 2785
2 14000000 15000000 2586
2 15000000 16000000 2208
2 16000000 17000000 2735
2 17000000 18000000 4026
2 18000000 19000000 4385
2 19000000 20000000 4285
2 20000000 21000000 4822
2 21000000 22000000 4493
2 22000000 23000000 5151
2 23000000 24000000 3342
2 24000000 25000000 5247
2 25000000 26000000 3726
2 26000000 27000000 3193
2 27000000 28000000 2356
2 28000000 29000000 3096
2 29000000 30000000 1945
2 30000000 31000000 3328
2 31000000 32000000 2969
2 32000000 33000000 3243
2 33000000 34000000 3390
2 34000000 35000000 2190
2 35000000 36000000 2287
2 36000000 37000000 2088
2 37000000 38000000 2639
2 38000000 39000000 2215
2 39000000 40000000 3027
2 40000000 41000000 4176
2 41000000 42000000 2934
2 42000000 43000000 3014
2 43000000 44000000 3829
2 44000000 45000000 3384
2 45000000 46000000 3530
2 46000000 47000000 3760
2 47000000 48000000 3492
2 48000000 49000000 3572
2 49000000 50000000 3700
2 50000000 51000000 4069
2 51000000 52000000 3468
2 52000000 53000000 3633
2 53000000 54000000 4743
2 54000000 55000000 3839
2 55000000 56000000 4277
2 56000000 57000000 4183
2 57000000 58000000 4140
2 58000000 59000000 3919
2 59000000 60000000 5026
2 60000000 61000000 3675
2 61000000 62000000 3556
2 62000000 63000000 4177
2 63000000 64000000 3370
2 64000000 65000000 1900
2 65000000 66000000 2786
2 66000000 67000000 2921
2 67000000 68000000 3738
2 68000000 69000000 1843
2 69000000 70000000 2704
2 70000000 71000000 3448
2 71000000 72000000 3806
2 72000000 73000000 3161
2 73000000 74000000 3463
2 74000000 75000000 3920
2 75000000 76000000 3342
2 76000000 77000000 4034
2 77000000 78000000 2025
2 78000000 79000000 2314
2 79000000 80000000 4207
2 80000000 81000000 2481
2 81000000 82000000 5512
2 82000000 83000000 4299
2 83000000 84000000 3503
2 84000000 85000000 3010
2 85000000 86000000 3376
2 86000000 87000000 2747
2 87000000 88000000 3760
2 88000000 89000000 3748
2 89000000 90000000 2237
2 90000000 91000000 2085
2 91000000 92000000 1627
2 92000000 93000000 1631
2 93000000 94000000 2301
2 94000000 95000000 3641
2 95000000 96000000 4548
2 96000000 97000000 2831
2 97000000 98000000 3421
2 98000000 99000000 3479
2 99000000 100000000 2653
2 100000000 101000000 3348
2 101000000 102000000 3605
2 102000000 103000000 5220
2 103000000 104000000 3227
2 104000000 105000000 3203
2 105000000 106000000 3410
2 106000000 107000000 2547
2 107000000 108000000 3207
2 108000000 109000000 2132
2 109000000 110000000 3078
2 110000000 111000000 3261
2 111000000 112000000 2311
2 112000000 113000000 2405
2 113000000 114000000 2273
2 114000000 115000000 2612
2 115000000 116000000 3392
2 116000000 117000000 2914
2 117000000 118000000 4267
2 118000000 119000000 2723
2 119000000 120000000 2856
2 120000000 121000000 2051
2 121000000 122000000 1988
2 122000000 123000000 2103
2 123000000 124000000 3105
2 124000000 125000000 3336
2 125000000 126000000 2975
2 126000000 127000000 4814
2 127000000 128000000 3278
2 128000000 129000000 3564
2 129000000 130000000 2022
2 130000000 131000000 6021
2 131000000 132000000 5156
2 132000000 133000000 3084
2 133000000 134000000 3859
2 134000000 135000000 3050
2 135000000 136000000 2221
2 136000000 137000000 2172
2 137000000 138000000 4006
2 138000000 139000000 3256
2 139000000 140000000 3217
2 140000000 141000000 3645
2 141000000 142000000 3003
2 142000000 143000000 2797
2 143000000 144000000 4320
2 144000000 145000000 3306
2 145000000 146000000 4581
2 146000000 147000000 3466
2 147000000 148000000 2987
2 148000000 149000000 2987
2 149000000 150000000 2323
2 150000000 151000000 3350
2 151000000 152000000 4314
2 152000000 153000000 3639
2 153000000 154000000 3902
2 154000000 155000000 4267
2 155000000 156000000 5173
2 156000000 157000000 3664
2 157000000 158000000 3108
2 158000000 159000000 2587
2 159000000 160000000 3469
2 160000000 161000000 3146
2 161000000 162000000 2301
2 162000000 163000000 3357
2 163000000 164000000 3085
2 164000000 165000000 2346
2 165000000 166000000 3223
2 166000000 167000000 4967
2 167000000 168000000 4458
2 168000000 169000000 3886
2 169000000 170000000 3507
2 170000000 171000000 3482
2 171000000 172000000 3858
2 172000000 173000000 8273
2 173000000 174000000 2763
2 174000000 175000000 3367
2 175000000 176000000 2772
2 176000000 177000000 4718
2 177000000 178000000 3066
2 178000000 179000000 3235
2 179000000 180000000 2208
2 180000000 181000000 2905
2 181000000 182000000 2039
2 182000000 183000000 1801
2 183000000 184000000 3061
2 184000000 185000000 4099
2 185000000 186000000 3723
2 186000000 187000000 2747
2 187000000 188000000 3501
2 188000000 189000000 3377
2 189000000 190000000 2952
2 190000000 191000000 2685
2 191000000 192000000 2879
2 192000000 193000000 3027
2 193000000 194000000 1707
2 194000000 195000000 3894
2 195000000 196000000 4532
2 196000000 197000000 3599
2 197000000 198000000 5245
2 198000000 199000000 2071
2 199000000 200000000 1421
2 200000000 201000000 2130
2 201000000 202000000 3489
2 202000000 203000000 1365
2 203000000 204000000 1035
2 204000000 204367342 714
3 0 1000000 2346
3 1000000 2000000 1071
3 2000000 3000000 2092
3 3000000 4000000 1092
3 4000000 5000000 2568
3 5000000 6000000 1501
3 6000000 7000000 2834
3 7000000 8000000 3205
3 8000000 9000000 3542
3 9000000 10000000 3980
3 10000000 11000000 4590
3 11000000 12000000 3658
3 12000000 13000000 3934
3 13000000 14000000 3024
3 14000000 15000000 2643
3 15000000 16000000 2714
3 16000000 17000000 3773
3 17000000 18000000 2206
3 18000000 19000000 2353
3 19000000 20000000 2667
3 20000000 21000000 2047
3 21000000 22000000 3358
3 22000000 23000000 3634
3 23000000 24000000 2272
3 24000000 25000000 1888
3 25000000 26000000 2690
3 26000000 27000000 2762
3 27000000 28000000 2378
3 28000000 29000000 4206
3 29000000 30000000 5058
3 30000000 31000000 4842
3 31000000 32000000 4952
3 32000000 33000000 3179
3 33000000 34000000 2889
3 34000000 35000000 2156
3 35000000 36000000 1816
3 36000000 37000000 2471
3 37000000 38000000 2254
3 38000000 39000000 3660
3 39000000 40000000 4295
3 40000000 41000000 7013
3 41000000 42000000 4897
3 42000000 43000000 1364
3 43000000 44000000 2865
3 44000000 45000000 4398
3 45000000 46000000 2361
3 46000000 47000000 4494
3 47000000 48000000 3646
3 48000000 49000000 3047
3 49000000 50000000 3577
3 50000000 51000000 3505
3 51000000 52000000 3395
3 52000000 53000000 2534
3 53000000 54000000 2289
3 54000000 55000000 2500
3 55000000 56000000 10270
3 56000000 57000000 3108
3 57000000 58000000 4164
3 58000000 59000000 3822
3 59000000 60000000 1759
3 60000000 61000000 3037
3 61000000 62000000 9619
3 62000000 63000000 4753
3 63000000 64000000 1215
3 64000000 65000000 2818
3 65000000 66000000 2202
3 66000000 67000000 1578
3 67000000 68000000 2097
3 68000000 69000000 2592
3 69000000 70000000 4521
3 70000000 71000000 4748
3 71000000 72000000 5909
3 72000000 73000000 4119
3 73000000 74000000 1746
3 74000000 75000000 3433
3 75000000 76000000 5060
3 76000000 77000000 3947
3 77000000 78000000 3994
3 78000000 79000000 4763
3 79000000 80000000 4089
3 80000000 81000000 2611
3 81000000 82000000 2480
3 82000000 83000000 3405
3 83000000 84000000 3362
3 84000000 85000000 5014
3 85000000 86000000 4956
3 86000000 87000000 3881
3 87000000 88000000 4068
3 88000000 89000000 4194
3 89000000 90000000 4376
3 90000000 91000000 3247
3 91000000 92000000 3115
3 92000000 93000000 3945
3 93000000 94000000 3685
3 94000000 95000000 5294
3 95000000 96000000 5117
3 96000000 97000000 3968
3 97000000 98000000 4076
3 98000000 99000000 2488
3 99000000 100000000 2017
3 100000000 101000000 2881
3 101000000 102000000 4214
3 102000000 103000000 3168
3 103000000 104000000 3015
3 104000000 105000000 3530
3 105000000 106000000 4721
3 106000000 107000000 3236
3 107000000 108000000 3658
3 108000000 109000000 3264
3 109000000 110000000 3762
3 110000000 111000000 3803
3 111000000 112000000 3936
3 112000000 113000000 2456
3 113000000 114000000 2463
3 114000000 115000000 2557
3 115000000 116000000 4000
3 116000000 117000000 3214
3 117000000 118000000 4006
3 118000000 119000000 3552
3 119000000 120000000 3540
3 120000000 121000000 3455
3 121000000 122000000 3115
3 122000000 123000000 3374
3 123000000 124000000 3022
3 124000000 125000000 2779
3 125000000 126000000 2951
3 126000000 127000000 2895
3 127000000 128000000 2609
3 128000000 129000000 2626
3 129000000 130000000 2302
3 130000000 131000000 2481
3 131000000 132000000 3183
3 132000000 133000000 3781
3 133000000 134000000 4646
3 134000000 135000000 3254
3 135000000 136000000 3811
3 136000000 137000000 5714
3 137000000 138000000 5655
3 138000000 139000000 4477
3 139000000 140000000 4566
3 140000000 141000000 4294
3 141000000 142000000 3723
3 142000000 143000000 3634
3 143000000 144000000 3415
3 144000000 145000000 3171
3 145000000 146000000 4964
3 146000000 147000000 4871
3 147000000 148000000 3886
3 148000000 149000000 3463
3 149000000 150000000 3950
3 150000000 151000000 4009
3 151000000 152000000 2856
3 152000000 153000000 2361
3 153000000 154000000 2696
3 154000000 155000000 2429
3 155000000 156000000 3056
3 156000000 157000000 3550
3 157000000 158000000 3564
3 158000000 159000000 2571
3 159000000 160000000 3486
3 160000000 161000000 2851
3 161000000 162000000 4256
3 162000000 163000000 3602
3 163000000 164000000 3611
3 164000000 165000000 3086
3 165000000 166000000 2347
3 166000000 167000000 2842
3 167000000 168000000 3902
3 168000000 169000000 2961
3 169000000 170000000 2857
3 170000000 171000000 1906
3 171000000 172000000 3380
3 172000000 173000000 4324
3 173000000 174000000 3748
3 174000000 175000000 4117
3 175000000 176000000 3302
3 176000000 177000000 3847
3 177000000 178000000 3886
3 178000000 179000000 3791
3 179000000 180000000 5216
3 180000000 181000000 3461
3 181000000 182000000 2925
3 182000000 183000000 1554
3 183000000 184000000 2814
3 184000000 185000000 3022
3 185000000 186000000 1932
3 186000000 187000000 3240
3 187000000 188000000 1893
3 188000000 189000000 1574
3 189000000 189657161 2047
4 0 1000000 3748
4 1000000 2000000 2132
4 2000000 3000000 3505
4 3000000 4000000 3811
4 4000000 5000000 2527
4 5000000 6000000 3191
4 6000000 7000000 3515
4 7000000 8000000 2455
4 8000000 9000000 3406
4 9000000 10000000 3030
4 10000000 11000000 3546
4 11000000 12000000 3125
4 12000000 13000000 3696
4 13000000 14000000 2907
4 14000000 15000000 2058
4 15000000 16000000 2737
4 16000000 17000000 2948
4 17000000 18000000 2459
4 18000000 19000000 4183
4 19000000 20000000 2980
4 20000000 21000000 3949
4 21000000 22000000 4795
4 22000000 23000000 4112
4 23000000 24000000 4816
4 24000000 25000000 4004
4 25000000 26000000 3352
4 26000000 27000000 1792
4 27000000 28000000 1266
4 28000000 29000000 3387
4 29000000 30000000 3165
4 30000000 31000000 2822
4 31000000 32000000 2096
4 32000000 33000000 3653
4 33000000 34000000 4996
4 34000000 35000000 5954
4 35000000 36000000 5322
4 36000000 37000000 3132
4 37000000 38000000 2609
4 38000000 39000000 3304
4 39000000 40000000 3388
4 40000000 41000000 4117
4 41000000 42000000 3394
4 42000000 43000000 5176
4 43000000 44000000 4055
4 44000000 45000000 4012
4 45000000 46000000 2784
4 46000000 47000000 3723
4 47000000 48000000 5520
4 48000000 49000000 4722
4 49000000 50000000 2935
4 50000000 51000000 3525
4 51000000 52000000 3604
4 52000000 53000000 2165
4 53000000 54000000 1972
4 54000000 55000000 3822
4 55000000 56000000 2262
4 56000000 57000000 2826
4 57000000 58000000 3246
4 58000000 59000000 2039
4 59000000 60000000 3859
4 60000000 61000000 3584
4 61000000 62000000 4257
4 62000000 63000000 3800
4 63000000 64000000 2111
4 64000000 65000000 2503
4 65000000 66000000 3800
4 66000000 67000000 3291
4 67000000 68000000 4035
4 68000000 69000000 4228
4 69000000 70000000 4786
4 70000000 71000000 3223
4 71000000 72000000 3883
4 72000000 73000000 5502
4 73000000 74000000 5722
4 74000000 75000000 2173
4 75000000 76000000 2391
4 76000000 77000000 5197
4 77000000 78000000 5150
4 78000000 79000000 2357
4 79000000 80000000 1789
4 80000000 81000000 3902
4 81000000 82000000 3541
4 82000000 83000000 3142
4 83000000 84000000 2297
4 84000000 85000000 2750
4 85000000 86000000 2144
4 86000000 87000000 2288
4 87000000 88000000 2406
4 88000000 89000000 2526
4 89000000 90000000 2512
4 90000000 91000000 2202
4 91000000 92000000 2339
4 92000000 93000000 3720
4 93000000 94000000 3889
4 94000000 95000000 2661
4 95000000 96000000 4022
4 96000000 97000000 3174
4 97000000 98000000 869
4 98000000 99000000 1915
4 99000000 100000000 1724
4 100000000 101000000 2636
4 101000000 102000000 3695
4 102000000 103000000 3577
4 103000000 104000000 2728
4 104000000 105000000 1998
4 105000000 106000000 3608
4 106000000 107000000 2873
4 107000000 108000000 4436
4 108000000 109000000 3706
4 109000000 110000000 4312
4 110000000 111000000 5435
4 111000000 112000000 4555
4 112000000 113000000 2973
4 113000000 114000000 3239
4 114000000 115000000 3131
4 115000000 116000000 3202
4 116000000 117000000 4586
4 117000000 118000000 4452
4 118000000 119000000 4082
4 119000000 120000000 3170
4 120000000 121000000 2352
4 121000000 122000000 4013
4 122000000 123000000 5182
4 123000000 124000000 4851
4 124000000 125000000 4319
4 125000000 126000000 3376
4 126000000 127000000 3171
4 127000000 128000000 3912
4 128000000 129000000 5642
4 129000000 130000000 3942
4 130000000 131000000 4156
4 131000000 132000000 4373
4 132000000 133000000 3485
4 133000000 134000000 3205
4 134000000 135000000 3441
4 135000000 136000000 4424
4 136000000 137000000 4677
4 137000000 138000000 3316
4 138000000 139000000 2575
4 139000000 140000000 3496
4 140000000 141000000 3513
4 141000000 142000000 2507
4 142000000 143000000 3423
4 143000000 144000000 3213
4 144000000 145000000 6049
4 145000000 146000000 5183
4 146000000 147000000 2151
4 147000000 148000000 2478
4 148000000 149000000 2789
4 149000000 150000000 3064
4 150000000 151000000 3513
4 151000000 152000000 4303
4 152000000 153000000 3284
4 153000000 154000000 5004
4 154000000 155000000 3908
4 155000000 156000000 3566
4 156000000 157000000 4437
4 157000000 158000000 2386
4 158000000 159000000 2994
4 159000000 160000000 3959
4 160000000 161000000 2705
4 161000000 162000000 2920
4 162000000 163000000 3201
4 163000000 164000000 3910
4 164000000 165000000 3235
4 165000000 166000000 3584
4 166000000 167000000 4430
4 167000000 168000000 3612
4 168000000 169000000 3339
4 169000000 170000000 4687
4 170000000 171000000 3743
4 171000000 172000000 2771
4 172000000 173000000 3623
4 173000000 174000000 2509
4 174000000 175000000 2896
4 175000000 176000000 2612
4 176000000 177000000 2765
4 177000000 178000000 3610
4 178000000 179000000 4408
4 179000000 180000000 5501
4 180000000 181000000 4435
4 181000000 182000000 3589
4 182000000 183000000 4818
4 183000000 184000000 4442
4 184000000 185000000 2395
4 185000000 186000000 2706
4 186000000 187000000 1936
4 187000000 187750930 1715
5 0 1000000 3714
5 1000000 2000000 4405
5 2000000 3000000 3423
5 3000000 4000000 4322
5 4000000 5000000 4168
5 5000000 6000000 4107
5 6000000 7000000 8038
5 7000000 8000000 2418
5 8000000 9000000 2787
5 9000000 10000000 3886
5 10000000 11000000 3886
5 11000000 12000000 3826
5 12000000 13000000 7340
5 13000000 14000000 3349
5 14000000 15000000 1519
5 15000000 16000000 4227
5 16000000 17000000 4049
5 17000000 18000000 3499
5 18000000 19000000 4043
5 19000000 20000000 4754
5 20000000 21000000 3387
5 21000000 22000000 4870
5 22000000 23000000 4061
5 23000000 24000000 3890
5 24000000 25000000 4457
5 25000000 26000000 4673
5 26000000 27000000 4939
5 27000000 28000000 2914
5 28000000 29000000 3073
5 29000000 30000000 4176
5 30000000 31000000 3172
5 31000000 32000000 3271
5 32000000 33000000 3197
5 33000000 34000000 3690
5 34000000 35000000 3255
5 35000000 36000000 3169
5 36000000 37000000 2740
5 37000000 38000000 3706
5 38000000 39000000 3125
5 39000000 40000000 3505
5 40000000 41000000 5441
5 41000000 42000000 6028
5 42000000 43000000 3324
5 43000000 44000000 2463
5 44000000 45000000 4574
5 45000000 46000000 5090
5 46000000 47000000 4826
5 47000000 48000000 3802
5 48000000 49000000 3504
5 49000000 50000000 2911
5 50000000 51000000 3720
5 51000000 52000000 2785
5 52000000 53000000 3690
5 53000000 54000000 3696
5 54000000 55000000 3482
5 55000000 56000000 1712
5 56000000 57000000 3683
5 57000000 58000000 4001
5 58000000 59000000 4098
5 59000000 60000000 5050
5 60000000 61000000 5023
5 61000000 62000000 3550
5 62000000 63000000 3390
5 63000000 64000000 3734
5 64000000 65000000 5703
5 65000000 66000000 2553
5 66000000 67000000 2760
5 67000000 68000000 2299
5 68000000 69000000 2075
5 69000000 70000000 3824
5 70000000 71000000 2187
5 71000000 72000000 2618
5 72000000 73000000 3368
5 73000000 74000000 2556
5 74000000 75000000 5779
5 75000000 76000000 5318
5 76000000 77000000 4611
5 77000000 78000000 5052
5 78000000 79000000 3653
5 79000000 80000000 4187
5 80000000 81000000 3886
5 81000000 82000000 2787
5 82000000 83000000 2698
5 83000000 84000000 3534
5 84000000 85000000 3912
5 85000000 86000000 3743
5 86000000 87000000 4862
5 87000000 88000000 3396
5 88000000 89000000 3292
5 89000000 90000000 4249
5 90000000 91000000 3543
5 91000000 92000000 3789
5 92000000 93000000 2994
5 93000000 94000000 4133
5 94000000 95000000 4780
5 95000000 96000000 2842
5 96000000 97000000 2992
5 97000000 98000000 3933
5 98000000 99000000 3677
5 99000000 100000000 3648
5 100000000 101000000 4505
5 101000000 102000000 4683
5 102000000 103000000 4207
5 103000000 104000000 3928
5 104000000 105000000 3355
5 105000000 106000000 2653
5 106000000 107000000 4640
5 107000000 108000000 3761
5 108000000 109000000 3392
5 109000000 110000000 2768
5 110000000 111000000 2948
5 111000000 112000000 2602
5 112000000 113000000 1555
5 113000000 114000000 1931
5 114000000 115000000 2093
5 115000000 116000000 1540
5 116000000 117000000 2175
5 117000000 118000000 4272
5 118000000 119000000 3170
5 119000000 120000000 1546
5 120000000 121000000 3127
5 121000000 122000000 3777
5 122000000 123000000 4103
5 123000000 124000000 4492
5 124000000 125000000 2808
5 125000000 126000000 4565
5 126000000 127000000 4626
5 127000000 128000000 2601
5 128000000 129000000 3824
5 129000000 130000000 3099
5 130000000 131000000 4247
5 131000000 132000000 3075
5 132000000 133000000 3024
5 133000000 134000000 2579
5 134000000 135000000 3371
5 135000000 136000000 3652
5 136000000 137000000 3891
5 137000000 138000000 3681
5 138000000 139000000 3423
5 139000000 140000000 3650
5 140000000 141000000 2705
5 141000000 142000000 3223
5 142000000 143000000 3821
5 143000000 144000000 4473
5 144000000 145000000 4480
5 145000000 146000000 4918
5 146000000 147000000 4498
5 147000000 148000000 5247
5 148000000 149000000 4078
5 149000000 150000000 3773
5 150000000 151000000 3281
5 151000000 152000000 4852
5 152000000 153000000 4515
5 153000000 154000000 3265
5 154000000 155000000 3060
5 155000000 156000000 3128
5 156000000 157000000 4356
5 157000000 158000000 3172
5 158000000 159000000 3138
5 159000000 160000000 3540
5 160000000 161000000 3388
5 161000000 162000000 3243
5 162000000 163000000 2783
5 163000000 164000000 4309
5 164000000 165000000 2398
5 165000000 166000000 2620
5 166000000 167000000 4004
5 167000000 168000000 3327
5 168000000 169000000 3805
5 169000000 170000000 2149
5 170000000 171000000 2368
5 171000000 172000000 1728
5 172000000 173000000 1306
5 173000000 174000000 1880
5 174000000 175000000 1593
5 175000000 176000000 2531
5 176000000 177000000 2083
5 177000000 178000000 2023
5 178000000 179000000 2675
5 179000000 180000000 2419
5 180000000 181000000 3579
5 181000000 181665744 961
6 0 1000000 2985
6 1000000 2000000 5786
6 2000000 3000000 9792
6 3000000 4000000 7722
6 4000000 5000000 8726
6 5000000 6000000 13342
6 6000000 7000000 6864
6 7000000 8000000 3048
6 8000000 9000000 2205
6 9000000 10000000 2477
6 10000000 11000000 2804
6 11000000 12000000 3276
6 12000000 13000000 3318
6 13000000 14000000 3186
6 14000000 15000000 4548
6 15000000 16000000 4200
6 16000000 17000000 4011
6 17000000 18000000 4212
6 18000000 19000000 4855
6 19000000 20000000 4507
6 20000000 21000000 3908
6 21000000 22000000 3436
6 22000000 23000000 4876
6 23000000 24000000 4145
6 24000000 25000000 6766
6 25000000 26000000 3765
6 26000000 27000000 5247
6 27000000 28000000 5588
6 28000000 29000000 4206
6 29000000 30000000 11773
6 30000000 31000000 3009
6 31000000 32000000 3651
6 32000000 33000000 3087
6 33000000 34000000 4019
6 34000000 35000000 4266
6 35000000 36000000 2822
6 36000000 37000000 4717
6 37000000 38000000 2929
6 38000000 39000000 2054
6 39000000 40000000 2053
6 40000000 41000000 3438
6 41000000 42000000 3452
6 42000000 43000000 2380
6 43000000 44000000 4871
6 44000000 45000000 3414
6 45000000 46000000 3873
6 46000000 47000000 3137
6 47000000 48000000 4214
6 48000000 49000000 4011
6 49000000 50000000 4071
6 50000000 51000000 4283
6 51000000 52000000 4916
6 52000000 53000000 4154
6 53000000 54000000 2866
6 54000000 55000000 3834
6 55000000 56000000 3885
6 56000000 57000000 3672
6 57000000 58000000 3967
6 58000000 59000000 2788
6 59000000 60000000 3643
6 60000000 61000000 4236
6 61000000 62000000 3513
6 62000000 63000000 3311
6 63000000 64000000 4226
6 64000000 65000000 4642
6 65000000 66000000 2659
6 66000000 67000000 4779
6 67000000 68000000 4037
6 68000000 69000000 3522
6 69000000 70000000 2298
6 70000000 71000000 2118
6 71000000 72000000 2003
6 72000000 73000000 1715
6 73000000 74000000 1960
6 74000000 75000000 3508
6 75000000 76000000 4830
6 76000000 77000000 4212
6 77000000 78000000 4786
6 78000000 79000000 2974
6 79000000 80000000 3289
6 80000000 81000000 4336
6 81000000 82000000 3650
6 82000000 83000000 4544
6 83000000 84000000 2957
6 84000000 85000000 3785
6 85000000 86000000 4462
6 86000000 87000000 4656
6 87000000 88000000 3718
6 88000000 89000000 5117
6 89000000 90000000 4386
6 90000000 91000000 2328
6 91000000 92000000 2570
6 92000000 93000000 2815
6 93000000 94000000 2918
6 94000000 95000000 3156
6 95000000 96000000 3001
6 96000000 97000000 2348
6 97000000 98000000 2488
6 98000000 99000000 2384
6 99000000 100000000 4401
6 100000000 101000000 4765
6 101000000 102000000 3849
6 102000000 103000000 2859
6 103000000 104000000 4032
6 104000000 105000000 3239
6 105000000 106000000 3542
6 106000000 107000000 2901
6 107000000 108000000 3426
6 108000000 109000000 3744
6 109000000 110000000 3558
6 110000000 111000000 2246
6 111000000 112000000 3255
6 112000000 113000000 4115
6 113000000 114000000 4825
6 114000000 115000000 4957
6 115000000 116000000 3953
6 116000000 117000000 3234
6 117000000 118000000 3491
6 118000000 119000000 2506
6 119000000 120000000 3381
6 120000000 121000000 5412
6 121000000 122000000 2853
6 122000000 123000000 2852
6 123000000 124000000 3803
6 124000000 125000000 3051
6 125000000 126000000 4481
6 126000000 127000000 3595
6 127000000 128000000 3028
6 128000000 129000000 3327
6 129000000 130000000 3003
6 130000000 131000000 3841
6 131000000 132000000 3702
6 132000000 133000000 3859
6 133000000 134000000 4022
6 134000000 135000000 3738
6 135000000 136000000 5453
6 136000000 137000000 4662
6 137000000 138000000 4661
6 138000000 139000000 3550
6 139000000 140000000 3588
6 140000000 141000000 2530
6 141000000 142000000 3313
6 142000000 143000000 4751
6 143000000 144000000 5261
6 144000000 145000000 4042
6 145000000 146000000 3776
6 146000000 147000000 3507
6 147000000 148000000 5817
6 148000000 149000000 4722
6 149000000 150000000 5422
6 150000000 151000000 5318
6 151000000 152000000 5152
6 152000000 153000000 3996
6 153000000 154000000 4457
6 154000000 155000000 4420
6 155000000 156000000 3187
6 156000000 157000000 4977
6 157000000 158000000 4670
6 158000000 159000000 3409
6 159000000 160000000 4428
6 160000000 161000000 3885
6 161000000 162000000 4205
6 162000000 163000000 5202
6 163000000 164000000 4439
6 164000000 165000000 3590
6 165000000 166000000 4454
6 166000000 167000000 5516
6 167000000 168000000 3775
6 168000000 169000000 4411
6 169000000 170000000 4022
6 170000000 171000000 3247
6 171000000 172000000 2367
6 172000000 173000000 2764
6 173000000 173029059 161
7 0 1000000 2868
7 1000000 2000000 2285
7 2000000 3000000 1707
7 3000000 4000000 2220
7 4000000 5000000 4769
7 5000000 6000000 3250
7 6000000 7000000 3754
7 7000000 8000000 2608
7 8000000 9000000 4388
7 9000000 10000000 2498
7 10000000 11000000 2939
7 11000000 12000000 3740
7 12000000 13000000 2894
7 13000000 14000000 4296
7 14000000 15000000 4287
7 15000000 16000000 3539
7 16000000 17000000 3634
7 17000000 18000000 2510
7 18000000 19000000 3158
7 19000000 20000000 4319
7 20000000 21000000 4954
7 21000000 22000000 4271
7 22000000 23000000 3070
7 23000000 24000000 4692
7 24000000 25000000 4098
7 25000000 26000000 3669
7 26000000 27000000 3567
7 27000000 28000000 3974
7 28000000 29000000 3097
7 29000000 30000000 3637
7 30000000 31000000 3363
7 31000000 32000000 3249
7 32000000 33000000 3468
7 33000000 34000000 3853
7 34000000 35000000 2747
7 35000000 36000000 3932
7 36000000 37000000 3946
7 37000000 38000000 3074
7 38000000 39000000 3033
7 39000000 40000000 2691
7 40000000 41000000 4015
7 41000000 42000000 3839
7 42000000 43000000 3199
7 43000000 44000000 3627
7 44000000 45000000 3560
7 45000000 46000000 4211
7 46000000 47000000 3307
7 47000000 48000000 2893
7 48000000 49000000 3276
7 49000000 50000000 4559
7 50000000 51000000 4621
7 51000000 52000000 4625
7 52000000 53000000 3767
7 53000000 54000000 2089
7 54000000 55000000 2885
7 55000000 56000000 3482
7 56000000 57000000 1895
7 57000000 58000000 2956
7 58000000 59000000 3184
7 59000000 60000000 3768
7 60000000 61000000 4495
7 61000000 62000000 5046
7 62000000 63000000 3772
7 63000000 64000000 3574
7 64000000 65000000 3442
7 65000000 66000000 2753
7 66000000 67000000 3938
7 67000000 68000000 3533
7 68000000 69000000 2870
7 69000000 70000000 4232
7 70000000 71000000 3815
7 71000000 72000000 3553
7 72000000 73000000 3787
7 73000000 74000000 3143
7 74000000 75000000 3348
7 75000000 76000000 3305
7 76000000 77000000 2240
7 77000000 78000000 4301
7 78000000 79000000 4284
7 79000000 80000000 3581
7 80000000 81000000 4370
7 81000000 82000000 3552
7 82000000 83000000 5243
7 83000000 84000000 3444
7 84000000 85000000 4236
7 85000000 86000000 4598
7 86000000 87000000 4090
7 87000000 88000000 3453
7 88000000 89000000 3340
7 89000000 90000000 2854
7 90000000 91000000 2788
7 91000000 92000000 3251
7 92000000 93000000 3003
7 93000000 94000000 3890
7 94000000 95000000 4418
7 95000000 96000000 3391
7 96000000 97000000 4584
7 97000000 98000000 3026
7 98000000 99000000 4716
7 99000000 100000000 3832
7 100000000 101000000 2580
7 101000000 102000000 3081
7 102000000 103000000 3041
7 103000000 104000000 3607
7 104000000 105000000 3577
7 105000000 106000000 3719
7 106000000 107000000 2922
7 107000000 108000000 3229
7 108000000 109000000 4683
7 109000000 110000000 4176
7 110000000 111000000 4192
7 111000000 112000000 3575
7 112000000 113000000 2091
7 113000000 114000000 1960
7 114000000 115000000 1720
7 115000000 116000000 2481
7 116000000 117000000 2822
7 117000000 118000000 3637
7 118000000 119000000 3468
7 119000000 120000000 2900
7 120000000 121000000 2300
7 121000000 122000000 2385
7 122000000 123000000 1543
7 123000000 124000000 2101
7 124000000 125000000 4484
7 125000000 126000000 2232
7 126000000 127000000 3960
7 127000000 128000000 5799
7 128000000 129000000 5963
7 129000000 130000000 4027
7 130000000 131000000 9567
7 131000000 132000000 15845
7 132000000 133000000 3105
7 133000000 134000000 3152
7 134000000 135000000 3207
7 135000000 136000000 4121
7 136000000 137000000 5493
7 137000000 138000000 3224
7 138000000 139000000 4811
7 139000000 140000000 3274
7 140000000 141000000 4044
7 141000000 142000000 4498
7 142000000 143000000 4201
7 143000000 144000000 3826
7 144000000 145000000 4994
7 145000000 146000000 4393
7 146000000 147000000 3410
7 147000000 148000000 3974
7 148000000 149000000 3453
7 149000000 150000000 4669
7 150000000 151000000 3763
7 151000000 152000000 3512
7 152000000 153000000 3660
7 153000000 154000000 4077
7 154000000 155000000 4734
7 155000000 156000000 3060
7 156000000 157000000 6147
7 157000000 158000000 12059
7 158000000 159000000 6369
7 159000000 160000000 748
7 160000000 161000000 583
7 161000000 162000000 359
7 162000000 162823747 1775
8 0 1000000 3204
8 1000000 2000000 1984
8 2000000 3000000 1767
8 3000000 4000000 3214
8 4000000 5000000 3571
8 5000000 6000000 1399
8 6000000 7000000 2093
8 7000000 8000000 4978
8 8000000 9000000 4430
8 9000000 10000000 4520
8 10000000 11000000 5799
8 11000000 12000000 6320
8 12000000 13000000 4821
8 13000000 14000000 6119
8 14000000 15000000 3745
8 15000000 16000000 2943
8 16000000 17000000 3509
8 17000000 18000000 4938
8 18000000 19000000 4079
8 19000000 20000000 3603
8 20000000 21000000 4481
8 21000000 22000000 3910
8 22000000 23000000 3419
8 23000000 24000000 1778
8 24000000 25000000 1858
8 25000000 26000000 2160
8 26000000 27000000 2976
8 27000000 28000000 4595
8 28000000 29000000 5454
8 29000000 30000000 2723
8 30000000 31000000 3274
8 31000000 32000000 3278
8 32000000 33000000 4115
8 33000000 34000000 4580
8 34000000 35000000 4886
8 35000000 36000000 4727
8 36000000 37000000 3147
8 37000000 38000000 2835
8 38000000 39000000 2517
8 39000000 40000000 2715
8 40000000 41000000 2661
8 41000000 42000000 3334
8 42000000 43000000 5558
8 43000000 44000000 4487
8 44000000 45000000 3659
8 45000000 46000000 3777
8 46000000 47000000 3520
8 47000000 48000000 3074
8 48000000 49000000 1990
8 49000000 50000000 2497
8 50000000 51000000 2783
8 51000000 52000000 3363
8 52000000 53000000 3340
8 53000000 54000000 3942
8 54000000 55000000 5282
8 55000000 56000000 4057
8 56000000 57000000 4004
8 57000000 58000000 4241
8 58000000 59000000 2731
8 59000000 60000000 4129
8 60000000 61000000 3809
8 61000000 62000000 4506
8 62000000 63000000 3685
8 63000000 64000000 3911
8 64000000 65000000 3623
8 65000000 66000000 3791
8 66000000 67000000 3860
8 67000000 68000000 2391
8 68000000 69000000 2989
8 69000000 70000000 3446
8 70000000 71000000 4210
8 71000000 72000000 5319
8 72000000 73000000 4657
8 73000000 74000000 3610
8 74000000 75000000 4425
8 75000000 76000000 4201
8 76000000 77000000 4095
8 77000000 78000000 3692
8 78000000 79000000 5783
8 79000000 80000000 3387
8 80000000 81000000 2523
8 81000000 82000000 4519
8 82000000 83000000 4040
8 83000000 84000000 3776
8 84000000 85000000 3367
8 85000000 86000000 3264
8 86000000 87000000 3082
8 87000000 88000000 4604
8 88000000 89000000 2841
8 89000000 90000000 3653
8 90000000 91000000 3052
8 91000000 92000000 3388
8 92000000 93000000 5022
8 93000000 94000000 2977
8 94000000 95000000 4222
8 95000000 96000000 4388
8 96000000 97000000 4184
8 97000000 98000000 5284
8 98000000 99000000 4610
8 99000000 100000000 4453
8 100000000 101000000 3194
8 101000000 102000000 3283
8 102000000 103000000 3185
8 103000000 104000000 3176
8 104000000 105000000 1697
8 105000000 106000000 2848
8 106000000 107000000 5810
8 107000000 108000000 3482
8 108000000 109000000 4699
8 109000000 110000000 4180
8 110000000 111000000 3037
8 111000000 112000000 3939
8 112000000 113000000 4122
8 113000000 114000000 4945
8 114000000 115000000 4233
8 115000000 116000000 5408
8 116000000 117000000 7575
8 117000000 118000000 2911
8 118000000 119000000 4198
8 119000000 120000000 5913
8 120000000 121000000 6410
8 121000000 122000000 3491
8 122000000 123000000 4623
8 123000000 124000000 2646
8 124000000 125000000 2521
8 125000000 126000000 7850
8 126000000 127000000 7810
8 127000000 128000000 837
8 128000000 129000000 1285
8 129000000 130000000 1247
8 130000000 131000000 2425
8 131000000 132000000 3955
8 132000000 133000000 5601
8 133000000 134000000 3254
8 134000000 135000000 3575
8 135000000 136000000 6710
8 136000000 137000000 2942
8 137000000 138000000 3477
8 138000000 139000000 3525
8 139000000 140000000 4305
8 140000000 141000000 3039
8 141000000 142000000 3736
8 142000000 143000000 4925
8 143000000 144000000 3305
8 144000000 145000000 3111
8 145000000 146000000 3284
8 146000000 147000000 2231
8 147000000 148000000 2000
8 148000000 149000000 3092
8 149000000 150000000 5224
8 150000000 151000000 5355
8 151000000 152000000 3287
8 152000000 153000000 2318
8 153000000 153872958 2020
9 0 1000000 10440
9 1000000 2000000 4566
9 2000000 3000000 2714
9 3000000 4000000 5072
9 4000000 5000000 1819
9 5000000 6000000 4305
9 6000000 7000000 4302
9 7000000 8000000 4075
9 8000000 9000000 3938
9 9000000 10000000 3671
9 10000000 11000000 4420
9 11000000 12000000 4322
9 12000000 13000000 4134
9 13000000 14000000 4773
9 14000000 15000000 3924
9 15000000 16000000 3949
9 16000000 17000000 5408
9 17000000 18000000 3511
9 18000000 19000000 3913
9 19000000 20000000 3465
9 20000000 21000000 4539
9 21000000 22000000 4021
9 22000000 23000000 3628
9 23000000 24000000 4103
9 24000000 25000000 3516
9 25000000 26000000 3799
9 26000000 27000000 4218
9 27000000 28000000 3507
9 28000000 29000000 1869
9 29000000 30000000 3010
9 30000000 31000000 3422
9 31000000 32000000 3517
9 32000000 33000000 4127
9 33000000 34000000 3992
9 34000000 35000000 4152
9 35000000 36000000 4231
9 36000000 37000000 3744
9 37000000 38000000 4540
9 38000000 39000000 5088
9 39000000 40000000 4653
9 40000000 41000000 3569
9 41000000 42000000 4159
9 42000000 43000000 5828
9 43000000 44000000 3502
9 44000000 45000000 3523
9 45000000 46000000 3733
9 46000000 47000000 2871
9 47000000 48000000 3098
9 48000000 49000000 3824
9 49000000 50000000 3479
9 50000000 51000000 2624
9 51000000 52000000 3178
9 52000000 53000000 4204
9 53000000 54000000 3830
9 54000000 55000000 3811
9 55000000 56000000 4761
9 56000000 57000000 2332
9 57000000 58000000 3283
9 58000000 59000000 2964
9 59000000 60000000 3390
9 60000000 61000000 4453
9 61000000 62000000 4216
9 62000000 63000000 4970
9 63000000 64000000 4110
9 64000000 65000000 2563
9 65000000 66000000 3999
9 66000000 67000000 3968
9 67000000 68000000 5022
9 68000000 69000000 2906
9 69000000 70000000 3349
9 70000000 71000000 3941
9 71000000 72000000 5662
9 72000000 73000000 3442
9 73000000 74000000 4348
9 74000000 75000000 3572
9 75000000 76000000 3094
9 76000000 77000000 3595
9 77000000 78000000 2304
9 78000000 79000000 3241
9 79000000 80000000 3666
9 80000000 81000000 2491
9 81000000 82000000 2847
9 82000000 83000000 3597
9 83000000 84000000 2305
9 84000000 85000000 4577
9 85000000 86000000 3975
9 86000000 87000000 3547
9 87000000 88000000 3708
9 88000000 89000000 3977
9 89000000 90000000 4790
9 90000000 91000000 5204
9 91000000 92000000 4852
9 92000000 93000000 3729
9 93000000 94000000 3790
9 94000000 95000000 5084
9 95000000 96000000 4916
9 96000000 97000000 3277
9 97000000 98000000 3493
9 98000000 99000000 4740
9 99000000 100000000 3842
9 100000000 101000000 3211
9 101000000 102000000 4173
9 102000000 103000000 2732
9 103000000 104000000 4067
9 104000000 105000000 3944
9 105000000 106000000 2871
9 106000000 107000000 4468
9 107000000 108000000 3149
9 108000000 109000000 4547
9 109000000 110000000 4664
9 110000000 111000000 4954
9 111000000 112000000 3397
9 112000000 113000000 3711
9 113000000 114000000 2855
9 114000000 115000000 3666
9 115000000 116000000 3423
9 116000000 117000000 4708
9 117000000 118000000 4456
9 118000000 119000000 4793
9 119000000 120000000 4713
9 120000000 121000000 4963
9 121000000 122000000 4291
9 122000000 123000000 3667
9 123000000 124000000 4872
9 124000000 125000000 5684
9 125000000 126000000 2794
9 126000000 127000000 4323
9 127000000 128000000 4080
9 128000000 129000000 3544
9 129000000 130000000 5067
9 130000000 131000000 3588
9 131000000 132000000 3471
9 132000000 133000000 4295
9 133000000 134000000 2824
9 134000000 135000000 3375
9 135000000 136000000 4084
9 136000000 137000000 4301
9 137000000 138000000 3707
9 138000000 139000000 3552
9 139000000 140000000 8172
9 140000000 141000000 2924
9 141000000 142000000 2462
9 142000000 143000000 1621
9 143000000 144000000 1152
9 144000000 145000000 1866
9 145000000 146000000 1252
9 146000000 146519342 2709
10 0 1000000 2769
10 1000000 2000000 1534
10 2000000 3000000 1184
10 3000000 4000000 2121
10 4000000 5000000 3636
10 5000000 6000000 4106
10 6000000 7000000 3364
10 7000000 8000000 2040
10 8000000 9000000 3571
10 9000000 10000000 3251
10 10000000 11000000 2795
10 11000000 12000000 3418
10 12000000 13000000 3741
10 13000000 14000000 4205
10 14000000 15000000 3320
10 15000000 16000000 3701
10 16000000 17000000 4627
10 17000000 18000000 3911
10 18000000 19000000 2560
10 19000000 20000000 4168
10 20000000 21000000 3981
10 21000000 22000000 4610
10 22000000 23000000 3978
10 23000000 24000000 3215
10 24000000 25000000 4202
10 25000000 26000000 4289
10 26000000 27000000 4103
10 27000000 28000000 3340
10 28000000 29000000 3381
10 29000000 30000000 3743
10 30000000 31000000 3497
10 31000000 32000000 4348
10 32000000 33000000 4139
10 33000000 34000000 3459
10 34000000 35000000 4237
10 35000000 36000000 4234
10 36000000 37000000 5000
10 37000000 38000000 3963
10 38000000 39000000 3324
10 39000000 40000000 3565
10 40000000 41000000 4106
10 41000000 42000000 4057
10 42000000 43000000 3580
10 43000000 44000000 3041
10 44000000 45000000 4431
10 45000000 46000000 5636
10 46000000 47000000 4113
10 47000000 48000000 5839
10 48000000 49000000 2750
10 49000000 50000000 2966
10 50000000 51000000 2372
10 51000000 52000000 4261
10 52000000 53000000 3905
10 53000000 54000000 4858
10 54000000 55000000 3728
10 55000000 56000000 5228
10 56000000 57000000 7966
10 57000000 58000000 7496
10 58000000 59000000 3542
10 59000000 60000000 4581
10 60000000 61000000 4879
10 61000000 62000000 3820
10 62000000 63000000 3246
10 63000000 64000000 2559
10 64000000 65000000 2977
10 65000000 66000000 3470
10 66000000 67000000 2769
10 67000000 68000000 3087
10 68000000 69000000 5107
10 69000000 70000000 3384
10 70000000 71000000 3158
10 71000000 72000000 4003
10 72000000 73000000 3029
10 73000000 74000000 2219
10 74000000 75000000 2799
10 75000000 76000000 3264
10 76000000 77000000 3875
10 77000000 78000000 5303
10 78000000 79000000 3579
10 79000000 80000000 2549
10 80000000 81000000 4435
10 81000000 82000000 3347
10 82000000 83000000 3802
10 83000000 84000000 2802
10 84000000 85000000 3513
10 85000000 86000000 3763
10 86000000 87000000 3038
10 87000000 88000000 2225
10 88000000 89000000 3299
10 89000000 90000000 2919
10 90000000 91000000 2692
10 91000000 92000000 2620
10 92000000 93000000 3140
10 93000000 94000000 3396
10 94000000 95000000 3290
10 95000000 96000000 3363
10 96000000 97000000 4806
10 97000000 98000000 4325
10 98000000 99000000 3234
10 99000000 100000000 3666
10 100000000 101000000 3731
10 101000000 102000000 2244
10 102000000 103000000 2727
10 103000000 104000000 2505
10 104000000 105000000 3960
10 105000000 106000000 3184
10 106000000 107000000 3289
10 107000000 108000000 3176
10 108000000 109000000 2683
10 109000000 110000000 3951
10 110000000 111000000 3304
10 111000000 112000000 3300
10 112000000 113000000 2208
10 113000000 114000000 3561
10 114000000 115000000 1052
10 115000000 116000000 769
10 116000000 117000000 2899
10 117000000 118000000 2984
10 118000000 119000000 4355
10 119000000 120000000 3716
10 120000000 121000000 4210
10 121000000 122000000 3213
10 122000000 123000000 2603
10 123000000 124000000 2053
10 124000000 125000000 3861
10 125000000 126000000 3275
10 126000000 127000000 4106
10 127000000 128000000 4312
10 128000000 129000000 2705
10 129000000 130000000 3960
10 130000000 131000000 5062
10 131000000 132000000 4955
10 132000000 133000000 4416
10 133000000 134000000 3951
10 134000000 135000000 4302
10 135000000 136000000 4023
10 136000000 137000000 4034
10 137000000 138000000 4347
10 138000000 139000000 3309
10 139000000 140000000 4442
10 140000000 141000000 4846
10 141000000 142000000 4059
10 142000000 143000000 3378
10 143000000 144000000 6389
10 144000000 145000000 7858
10 145000000 145285108 3265
11 0 1000000 2506
11 1000000 2000000 2108
11 2000000 3000000 6235
11 3000000 4000000 2526
11 4000000 5000000 2146
11 5000000 6000000 1378
11 6000000 7000000 1321
11 7000000 8000000 1611
11 8000000 9000000 1875
11 9000000 10000000 2120
11 10000000 11000000 7082
11 11000000 12000000 3077
11 12000000 13000000 2253
11 13000000 14000000 4593
11 14000000 15000000 5679
11 15000000 16000000 6112
11 16000000 17000000 3391
11 17000000 18000000 4851
11 18000000 19000000 5374
11 19000000 20000000 6947
11 20000000 21000000 6842
11 21000000 22000000 7280
11 22000000 23000000 6701
11 23000000 24000000 6455
11 24000000 25000000 7004
11 25000000 26000000 4791
11 26000000 27000000 2188
11 27000000 28000000 1723
11 28000000 29000000 2308
11 29000000 30000000 2668
11 30000000 31000000 5197
11 31000000 32000000 3661
11 32000000 33000000 4081
11 33000000 34000000 4359
11 34000000 35000000 5732
11 35000000 36000000 4586
11 36000000 37000000 2799
11 37000000 38000000 3931
11 38000000 39000000 2870
11 39000000 40000000 3190
11 40000000 41000000 2219
11 41000000 42000000 3576
11 42000000 43000000 3796
11 43000000 44000000 3681
11 44000000 45000000 3014
11 45000000 46000000 3735
11 46000000 47000000 5155
11 47000000 48000000 3798
11 48000000 49000000 5646
11 49000000 50000000 4347
11 50000000 51000000 3907
11 51000000 52000000 4152
11 52000000 53000000 2710
11 53000000 54000000 5599
11 54000000 55000000 2700
11 55000000 56000000 2724
11 56000000 57000000 2325
11 57000000 58000000 3399
11 58000000 59000000 2569
11 59000000 60000000 2924
11 60000000 61000000 3172
11 61000000 62000000 2866
11 62000000 63000000 1871
11 63000000 64000000 2247
11 64000000 65000000 4552
11 65000000 66000000 5143
11 66000000 67000000 3912
11 67000000 68000000 4454
11 68000000 69000000 6738
11 69000000 70000000 2938
11 70000000 71000000 1932
11 71000000 72000000 2480
11 72000000 73000000 2163
11 73000000 74000000 1467
11 74000000 75000000 2837
11 75000000 76000000 2042
11 76000000 77000000 3337
11 77000000 78000000 3612
11 78000000 79000000 4070
11 79000000 80000000 5620
11 80000000 81000000 2688
11 81000000 82000000 3033
11 82000000 83000000 3550
11 83000000 84000000 3835
11 84000000 85000000 3568
11 85000000 86000000 3619
11 86000000 87000000 4106
11 87000000 88000000 6059
11 88000000 89000000 4224
11 89000000 90000000 3991
11 90000000 91000000 4836
11 91000000 92000000 3775
11 92000000 93000000 3488
11 93000000 94000000 4268
11 94000000 95000000 5136
11 95000000 96000000 4536
11 96000000 97000000 3564
11 97000000 98000000 3870
11 98000000 99000000 3810
11 99000000 100000000 3526
11 100000000 101000000 4785
11 101000000 102000000 4012
11 102000000 103000000 4145
11 103000000 104000000 3068
11 104000000 105000000 2929
11 105000000 106000000 4238
11 106000000 107000000 3180
11 107000000 108000000 3837
11 108000000 109000000 3238
11 109000000 110000000 3569
11 110000000 111000000 3744
11 111000000 112000000 3567
11 112000000 113000000 2924
11 113000000 114000000 2707
11 114000000 115000000 3049
11 115000000 116000000 3276
11 116000000 117000000 4124
11 117000000 118000000 5011
11 118000000 119000000 4227
11 119000000 120000000 5176
11 120000000 121000000 3934
11 121000000 122000000 3510
11 122000000 123000000 3221
11 123000000 124000000 5395
11 124000000 125000000 3938
11 125000000 126000000 3437
11 126000000 127000000 4182
11 127000000 128000000 4015
11 128000000 129000000 3454
11 129000000 130000000 3400
11 130000000 131000000 5585
11 131000000 132000000 4960
11 132000000 132263442 1540
12 0 1000000 1842
12 1000000 2000000 2322
12 2000000 3000000 2764
12 3000000 4000000 2986
12 4000000 5000000 4083
12 5000000 6000000 4694
12 6000000 7000000 3279
12 7000000 8000000 2633
12 8000000 9000000 4788
12 9000000 10000000 3265
12 10000000 11000000 3891
12 11000000 12000000 5030
12 12000000 13000000 3584
12 13000000 14000000 3664
12 14000000 15000000 4602
12 15000000 16000000 3832
12 16000000 17000000 4377
12 17000000 18000000 4218
12 18000000 19000000 3003
12 19000000 20000000 4150
12 20000000 21000000 5261
12 21000000 22000000 3314
12 22000000 23000000 4788
12 23000000 24000000 3924
12 24000000 25000000 2324
12 25000000 26000000 4494
12 26000000 27000000 5319
12 27000000 28000000 3016
12 28000000 29000000 3533
12 29000000 30000000 3055
12 30000000 31000000 3300
12 31000000 32000000 5570
12 32000000 33000000 7300
12 33000000 34000000 3722
12 34000000 35000000 9807
12 35000000 36000000 6445
12 36000000 37000000 5706
12 37000000 38000000 4401
12 38000000 39000000 2651
12 39000000 40000000 2422
12 40000000 41000000 4363
12 41000000 42000000 4068
12 42000000 43000000 3492
12 43000000 44000000 3217
12 44000000 45000000 3795
12 45000000 46000000 2379
12 46000000 47000000 3612
12 47000000 48000000 4193
12 48000000 49000000 5491
12 49000000 50000000 4225
12 50000000 51000000 3973
12 51000000 52000000 4768
12 52000000 53000000 4678
12 53000000 54000000 2564
12 54000000 55000000 3482
12 55000000 56000000 3861
12 56000000 57000000 2864
12 57000000 58000000 2412
12 58000000 59000000 3227
12 59000000 60000000 6196
12 60000000 61000000 4177
12 61000000 62000000 2953
12 62000000 63000000 5190
12 63000000 64000000 4040
12 64000000 65000000 2385
12 65000000 66000000 2865
12 66000000 67000000 2762
12 67000000 68000000 2513
12 68000000 69000000 3309
12 69000000 70000000 3462
12 70000000 71000000 3283
12 71000000 72000000 2760
12 72000000 73000000 3150
12 73000000 74000000 4016
12 74000000 75000000 3528
12 75000000 76000000 4650
12 76000000 77000000 3877
12 77000000 78000000 3756
12 78000000 79000000 3411
12 79000000 80000000 4084
12 80000000 81000000 2991
12 81000000 82000000 2984
12 82000000 83000000 2684
12 83000000 84000000 4264
12 84000000 85000000 3173
12 85000000 86000000 3272
12 86000000 87000000 5086
12 87000000 88000000 4756
12 88000000 89000000 4767
12 89000000 90000000 3746
12 90000000 91000000 4310
12 91000000 92000000 5691
12 92000000 93000000 3964
12 93000000 94000000 3742
12 94000000 95000000 4262
12 95000000 96000000 3861
12 96000000 97000000 3956
12 97000000 98000000 3962
12 98000000 99000000 3560
12 99000000 100000000 4002
12 100000000 101000000 3202
12 101000000 102000000 2653
12 102000000 103000000 3743
12 103000000 104000000 2771
12 104000000 105000000 3820
12 105000000 106000000 3071
12 106000000 107000000 2952
12 107000000 108000000 3136
12 108000000 109000000 3578
12 109000000 110000000 4084
12 110000000 111000000 3884
12 111000000 112000000 2556
12 112000000 113000000 2473
12 113000000 114000000 3414
12 114000000 115000000 5696
12 115000000 115298656 2481
13 0 1000000 4683
13 1000000 2000000 2855
13 2000000 3000000 3227
13 3000000 4000000 1168
13 4000000 5000000 7653
13 5000000 6000000 15560
13 6000000 7000000 13003
13 7000000 8000000 13372
13 8000000 9000000 17138
13 9000000 10000000 20354
13 10000000 11000000 20572
13 11000000 12000000 7331
13 12000000 13000000 3730
13 13000000 14000000 3824
13 14000000 15000000 4858
13 15000000 16000000 4677
13 16000000 17000000 2509
13 17000000 18000000 3789
13 18000000 19000000 3099
13 19000000 20000000 2882
13 20000000 21000000 3517
13 21000000 22000000 302
13 22000000 23000000 58
13 23000000 24000000 4492
13 24000000 25000000 2787
13 25000000 26000000 2394
13 26000000 27000000 4319
13 27000000 28000000 5200
13 28000000 29000000 3303
13 29000000 30000000 3518
13 30000000 31000000 2115
13 31000000 32000000 2911
13 32000000 33000000 3796
13 33000000 34000000 3988
13 34000000 35000000 3539
13 35000000 36000000 4247
13 36000000 37000000 3220
13 37000000 38000000 4170
13 38000000 39000000 4956
13 39000000 40000000 3602
13 40000000 41000000 2833
13 41000000 42000000 3540
13 42000000 43000000 4048
13 43000000 44000000 3651
13 44000000 45000000 2427
13 45000000 46000000 4199
13 46000000 47000000 3254
13 47000000 48000000 2450
13 48000000 49000000 2449
13 49000000 50000000 3588
13 50000000 51000000 2274
13 51000000 52000000 2227
13 52000000 53000000 2460
13 53000000 54000000 3162
13 54000000 55000000 4179
13 55000000 56000000 4973
13 56000000 57000000 4243
13 57000000 58000000 3304
13 58000000 59000000 3475
13 59000000 60000000 3370
13 60000000 61000000 3426
13 61000000 62000000 2330
13 62000000 63000000 3311
13 63000000 64000000 3185
13 64000000 65000000 3900
13 65000000 66000000 3303
13 66000000 67000000 4007
13 67000000 68000000 4163
13 68000000 69000000 4306
13 69000000 70000000 3459
13 70000000 71000000 3779
13 71000000 72000000 2985
13 72000000 73000000 2642
13 73000000 74000000 2597
13 74000000 75000000 4493
13 75000000 76000000 3107
13 76000000 77000000 3727
13 77000000 78000000 3610
13 78000000 79000000 4674
13 79000000 80000000 3117
13 80000000 81000000 2869
13 81000000 82000000 2737
13 82000000 83000000 3693
13 83000000 84000000 4791
13 84000000 85000000 4325
13 85000000 86000000 2722
13 86000000 87000000 4811
13 87000000 88000000 4966
13 88000000 89000000 5161
13 89000000 90000000 4900
13 90000000 91000000 5099
13 91000000 92000000 4257
13 92000000 93000000 3652
13 93000000 94000000 4185
13 94000000 95000000 4586
13 95000000 96000000 5022
13 96000000 97000000 2080
13 97000000 98000000 3192
13 98000000 99000000 3164
13 99000000 100000000 1688
13 100000000 100599875 902
14 0 1000000 4787
14 1000000 2000000 2091
14 2000000 3000000 11045
14 3000000 4000000 9171
14 4000000 5000000 5767
14 5000000 6000000 2423
14 6000000 7000000 3066
14 7000000 8000000 3611
14 8000000 9000000 3585
14 9000000 10000000 2327
14 10000000 11000000 2771
14 11000000 12000000 4197
14 12000000 13000000 5629
14 13000000 14000000 4073
14 14000000 15000000 4573
14 15000000 16000000 4231
14 16000000 17000000 3693
14 17000000 18000000 6629
14 18000000 19000000 4535
14 19000000 20000000 6556
14 20000000 21000000 4636
14 21000000 22000000 5190
14 22000000 23000000 3619
14 23000000 24000000 3722
14 24000000 25000000 4616
14 25000000 26000000 2915
14 26000000 27000000 2857
14 27000000 28000000 1902
14 28000000 29000000 2603
14 29000000 30000000 2613
14 30000000 31000000 3402
14 31000000 32000000 5070
14 32000000 33000000 4434
14 33000000 34000000 4051
14 34000000 35000000 5393
14 35000000 36000000 3232
14 36000000 37000000 3448
14 37000000 38000000 5214
14 38000000 39000000 5752
14 39000000 40000000 5254
14 40000000 41000000 4395
14 41000000 42000000 2842
14 42000000 43000000 3069
14 43000000 44000000 1954
14 44000000 45000000 2217
14 45000000 46000000 2508
14 46000000 47000000 2462
14 47000000 48000000 3512
14 48000000 49000000 2793
14 49000000 50000000 4573
14 50000000 51000000 5081
14 51000000 52000000 3265
14 52000000 53000000 4207
14 53000000 54000000 2893
14 54000000 55000000 3937
14 55000000 56000000 3697
14 56000000 57000000 3191
14 57000000 58000000 3367
14 58000000 59000000 2843
14 59000000 60000000 2911
14 60000000 61000000 2797
14 61000000 62000000 2392
14 62000000 63000000 2891
14 63000000 64000000 2954
14 64000000 65000000 3976
14 65000000 66000000 4767
14 66000000 67000000 4052
14 67000000 68000000 3011
14 68000000 69000000 2533
14 69000000 70000000 2889
14 70000000 71000000 4218
14 71000000 72000000 4040
14 72000000 73000000 3507
14 73000000 74000000 2775
14 74000000 75000000 3740
14 75000000 76000000 3572
14 76000000 77000000 2482
14 77000000 78000000 2814
14 78000000 79000000 2738
14 79000000 80000000 2214
14 80000000 81000000 2526
14 81000000 82000000 3193
14 82000000 83000000 3795
14 83000000 84000000 3118
14 84000000 85000000 3764
14 85000000 86000000 4667
14 86000000 87000000 4812
14 87000000 88000000 3092
14 88000000 89000000 4588
14 89000000 90000000 4982
14 90000000 91000000 4119
14 91000000 92000000 3098
14 92000000 93000000 2781
14 93000000 94000000 3415
14 94000000 95000000 4020
14 95000000 96000000 4430
14 96000000 97000000 5068
14 97000000 98000000 3343
14 98000000 99000000 2182
14 99000000 99237486 657
15 0 1000000 3166
15 1000000 2000000 2709
15 2000000 3000000 2586
15 3000000 4000000 3216
15 4000000 5000000 4255
15 5000000 6000000 4115
15 6000000 7000000 3769
15 7000000 8000000 4176
15 8000000 9000000 4035
15 9000000 10000000 4344
15 10000000 11000000 2806
15 11000000 12000000 4183
15 12000000 13000000 3894
15 13000000 14000000 3338
15 14000000 15000000 3301
15 15000000 16000000 4766
15 16000000 17000000 4073
15 17000000 18000000 4044
15 18000000 19000000 3908
15 19000000 20000000 4043
15 20000000 21000000 4210
15 21000000 22000000 3891
15 22000000 23000000 3882
15 23000000 24000000 3182
15 24000000 25000000 4265
15 25000000 26000000 2268
15 26000000 27000000 3110
15 27000000 28000000 3720
15 28000000 29000000 3240
15 29000000 30000000 3817
15 30000000 31000000 5728
15 31000000 32000000 4222
15 32000000 33000000 3517
15 33000000 34000000 3192
15 34000000 35000000 3255
15 35000000 36000000 3611
15 36000000 37000000 3820
15 37000000 38000000 3697
15 38000000 39000000 3061
15 39000000 40000000 4075
15 40000000 41000000 3195
15 41000000 42000000 3872
15 42000000 43000000 4257
15 43000000 44000000 3516
15 44000000 45000000 3679
15 45000000 46000000 4352
15 46000000 47000000 5053
15 47000000 48000000 4907
15 48000000 49000000 4387
15 49000000 50000000 5208
15 50000000 51000000 2962
15 51000000 52000000 2106
15 52000000 53000000 2660
15 53000000 54000000 2753
15 54000000 55000000 2826
15 55000000 56000000 2453
15 56000000 57000000 2804
15 57000000 58000000 3174
15 58000000 59000000 4467
15 59000000 60000000 4855
15 60000000 61000000 6226
15 61000000 62000000 5412
15 62000000 63000000 3933
15 63000000 64000000 3048
15 64000000 65000000 3653
15 65000000 66000000 3632
15 66000000 67000000 2643
15 67000000 68000000 3558
15 68000000 69000000 2866
15 69000000 70000000 2763
15 70000000 71000000 2545
15 71000000 72000000 4204
15 72000000 73000000 3510
15 73000000 74000000 3951
15 74000000 75000000 4676
15 75000000 76000000 4180
15 76000000 77000000 3458
15 77000000 78000000 2470
15 78000000 79000000 4338
15 79000000 80000000 1467
15 80000000 81000000 1554
15 81000000 82000000 1833
15 82000000 83000000 1996
15 83000000 84000000 1458
15 84000000 85000000 1957
15 85000000 86000000 1249
15 86000000 87000000 2083
15 87000000 88000000 1279
15 88000000 89000000 816
15 89000000 90000000 966
15 90000000 90997183 1391
16 0 1000000 1506
16 1000000 2000000 1438
16 2000000 3000000 1400
16 3000000 4000000 957
16 4000000 5000000 2852
16 5000000 6000000 2899
16 6000000 7000000 4561
16 7000000 8000000 8574
16 8000000 9000000 7690
16 9000000 10000000 5344
16 10000000 11000000 1476
16 11000000 12000000 1994
16 12000000 13000000 2543
16 13000000 14000000 2575
16 14000000 15000000 5965
16 15000000 16000000 3477
16 16000000 17000000 3326
16 17000000 18000000 1728
16 18000000 19000000 1570
16 19000000 20000000 2398
16 20000000 21000000 2983
16 21000000 22000000 2800
16 22000000 23000000 2762
16 23000000 24000000 3569
16 24000000 25000000 4273
16 25000000 26000000 3766
16 26000000 27000000 3244
16 27000000 28000000 3766
16 28000000 29000000 2428
16 29000000 30000000 4071
16 30000000 31000000 3807
16 31000000 32000000 2615
16 32000000 33000000 3459
16 33000000 34000000 2907
16 34000000 35000000 4017
16 35000000 36000000 4223
16 36000000 37000000 2661
16 37000000 38000000 3327
16 38000000 39000000 2900
16 39000000 40000000 4369
16 40000000 41000000 3977
16 41000000 42000000 4900
16 42000000 43000000 4577
16 43000000 44000000 4304
16 44000000 45000000 3658
16 45000000 46000000 3762
16 46000000 47000000 4223
16 47000000 48000000 2979
16 48000000 49000000 2634
16 49000000 50000000 2705
16 50000000 51000000 3237
16 51000000 52000000 3444
16 52000000 53000000 1534
16 53000000 54000000 3269
16 54000000 55000000 4173
16 55000000 56000000 3890
16 56000000 57000000 3944
16 57000000 58000000 2686
16 58000000 59000000 4347
16 59000000 60000000 4512
16 60000000 61000000 4110
16 61000000 62000000 4208
16 62000000 63000000 4388
16 63000000 64000000 7471
16 64000000 65000000 16942
16 65000000 66000000 16605
16 66000000 67000000 13733
16 67000000 68000000 9749
16 68000000 69000000 13361
16 69000000 70000000 15682
16 70000000 71000000 8842
16 71000000 72000000 20654
16 72000000 73000000 5265
16 73000000 74000000 7392
16 74000000 75000000 9384
16 75000000 76000000 9050
16 76000000 77000000 3102
16 77000000 78000000 1156
16 78000000 79000000 3090
16 79000000 79696672 822
17 0 1000000 3153
17 1000000 2000000 1356
17 2000000 3000000 2793
17 3000000 4000000 1199
17 4000000 5000000 4053
17 5000000 6000000 3992
17 6000000 7000000 3312
17 7000000 8000000 3580
17 8000000 9000000 4213
17 9000000 10000000 4576
17 10000000 11000000 4652
17 11000000 12000000 2822
17 12000000 13000000 2884
17 13000000 14000000 3482
17 14000000 15000000 3272
17 15000000 16000000 2872
17 16000000 17000000 2385
17 17000000 18000000 2398
17 18000000 19000000 1484
17 19000000 20000000 3500
17 20000000 21000000 4555
17 21000000 22000000 4478
17 22000000 23000000 4445
17 23000000 24000000 3771
17 24000000 25000000 4321
17 25000000 26000000 4411
17 26000000 27000000 3627
17 27000000 28000000 2284
17 28000000 29000000 3261
17 29000000 30000000 2837
17 30000000 31000000 2248
17 31000000 32000000 3486
17 32000000 33000000 3485
17 33000000 34000000 2896
17 34000000 35000000 3541
17 35000000 36000000 4890
17 36000000 37000000 3116
17 37000000 38000000 3251
17 38000000 39000000 3796
17 39000000 40000000 2672
17 40000000 41000000 3288
17 41000000 42000000 3457
17 42000000 43000000 3228
17 43000000 44000000 3465
17 44000000 45000000 3856
17 45000000 46000000 4353
17 46000000 47000000 8854
17 47000000 48000000 6698
17 48000000 49000000 2855
17 49000000 50000000 2331
17 50000000 51000000 3202
17 51000000 52000000 5413
17 52000000 53000000 2833
17 53000000 54000000 3182
17 54000000 55000000 2941
17 55000000 56000000 7716
17 56000000 57000000 3951
17 57000000 58000000 4464
17 58000000 59000000 4102
17 59000000 60000000 4497
17 60000000 61000000 3623
17 61000000 62000000 1498
17 62000000 63000000 3213
17 63000000 64000000 1983
17 64000000 65000000 1740
17 65000000 66000000 0
17 66000000 67000000 1979
17 67000000 68000000 377
17 68000000 69000000 4296
17 69000000 70000000 4850
17 70000000 71000000 4733
17 71000000 72000000 2363
17 72000000 73000000 3077
17 73000000 74000000 3271
17 74000000 75000000 3769
17 75000000 75034025 150
18 0 1000000 1370
18 1000000 2000000 1109
18 2000000 3000000 1795
18 3000000 4000000 1524
18 4000000 5000000 3567
18 5000000 6000000 3699
18 6000000 7000000 4169
18 7000000 8000000 3580
18 8000000 9000000 3650
18 9000000 10000000 2890
18 10000000 11000000 3981
18 11000000 12000000 3145
18 12000000 13000000 3699
18 13000000 14000000 3884
18 14000000 15000000 4085
18 15000000 16000000 3667
18 16000000 17000000 3281
18 17000000 18000000 3734
18 18000000 19000000 5321
18 19000000 20000000 5535
18 20000000 21000000 3204
18 21000000 22000000 2859
18 22000000 23000000 2249
18 23000000 24000000 7038
18 24000000 25000000 5348
18 25000000 26000000 2378
18 26000000 27000000 2422
18 27000000 28000000 4019
18 28000000 29000000 2586
18 29000000 30000000 2652
18 30000000 31000000 2684
18 31000000 32000000 3221
18 32000000 33000000 3282
18 33000000 34000000 1816
18 34000000 35000000 1932
18 35000000 36000000 1930
18 36000000 37000000 4284
18 37000000 38000000 3250
18 38000000 39000000 2591
18 39000000 40000000 3502
18 40000000 41000000 2924
18 41000000 41577549 9083
19 0 1000000 2928
19 1000000 2000000 4029
19 2000000 3000000 5580
19 3000000 4000000 2464
19 4000000 5000000 6138
19 5000000 6000000 4708
19 6000000 7000000 3035
19 7000000 8000000 2255
19 8000000 9000000 2806
19 9000000 10000000 1079
19 10000000 11000000 4372
19 11000000 12000000 4269
19 12000000 13000000 4262
19 13000000 14000000 1722
19 14000000 15000000 4135
19 15000000 16000000 5815
19 16000000 17000000 6311
19 17000000 18000000 5000
19 18000000 19000000 4273
19 19000000 20000000 4813
19 20000000 21000000 2929
19 21000000 22000000 3257
19 22000000 23000000 3723
19 23000000 24000000 3793
19 24000000 25000000 4672
19 25000000 26000000 2474
19 26000000 27000000 0
19 27000000 28000000 0
19 28000000 29000000 2996
19 29000000 30000000 6817
19 30000000 31000000 7363
19 31000000 32000000 7167
19 32000000 33000000 6199
19 33000000 33124187 397
